0046351340271532445
0178040782383621881
0202423218725763056
0387134105614040127
0413808653067876208
0520715821502117564
0655682567438354670
0764266034156408732
0831577476840285313
1072836427321810710
1106707504773146372
1248112056285077633
1310280270004484855
1427563362517258041
1583671738662305486
1661058815148662267
1735445143836731528
1854324681450523104
2008585635375455224
2142664873781204507
2276278161223388168
2323457087012633773
2480342414564722330
2517026546607561612
2634733750130847846
2751101222858170085
2865810308446016451
3085067251187183420
3114472325822052802
3221386703474801063
3356843836366267175
3468721177700330231
3532150664218426516
3647205488053715647
3773514510545544788
3800638042631678354
4011744068533003215
4125128430655882571
4284855572041151136
4362502741877327757
4436616285482460348
4558237313124236684
4670461606716575860
4707370857260614022
4843083124308748403
5024600116768081744
5181213647206853387
5215531884310102658
5338368528551366823
5452075000643437000
5566484452035220462
5603146371884518276
5740827765427645535
5877752233172774111
6057418774163550553
6163335266805606140
6230004337411787282
6345776612357034366
6474187848742828625
6501862180234165701
6686520023086342014
6718653401520471477
6822241555678213838
7060173583737412183
7137881011252241250
7253760445344373542
7371625354576680606
7405254726680756765
7544548207028507321
7612317132813864434
7726032678465138817
7888406860101025078
8033222802588835152
8150556158626124243
8267647620070068580
8304011463861443661
8441430531403272726
8575303075115311305
8628874244754657418
8782788386247700874
8816165717332586037
0013637575256727061
0120202063340560426
0287516431738636805
0364383317683175518
0431061744025014174
0555470286571848237
0678155120467203352
0702844602102382643
0846728858814451780
1027084880826376336
1183468112470417615
1210375648188240771
1335852455703508084
1454746523215685457
1561127001361754848
1606231237547021503
1748500374632863160
1872613766054132222
2080750707855268608
2117143254441335764
2223821326133424327
2351538660782711432
2465605832224543813
2534214178377672070
2642486045560186181
2776367483608057256
2808072511016800545
3068248446412144006
3132525587164078465
3256654014807815821
3373006208230252534
3400417350358301117
3547332722746483278
3614860861675730383
3721773135081526650
3885181673523667742
4036403621644604631
4158311805037788716
4262030153552555375
4307765076428822488
4443174467176161854
4570888534880033047
4625547718201470102
4784622240313216263
4811256382765347520
5052162338000641368
5166876770518773624
5238787262666512707
5340641181145856012
5477220615831107473
5503553843453080830
5681304556322438551
5715018027774225146
5824435404287364285
6074571052404766577
6101680428117537138
6245263500862620214
6318424733248118340
6422358271336045682
6586045365750874753
6663712684621281025
6730136816073353401
6857807147585402866
7005326164042277887
7144057636534310058
7271442877657446444
7326110542120705200
7488833088878584562
7512701410486658123
7637678303305123735
7753285751711062311
7860564225263831676
8041815213610328872
8175734341068465033
8204108785506234410
8382277824435571241
8416582106151613586
8528666657843742155
8650023472272006728
8767451568384887304
8833340030727150667
