000440131651144
014621042332060
026305563440455
033253356115603
045014420004531
052132614566322
061566205223216
104035302414314
116163433106240
123544646063165
135422260521053
142606154252401
151350025630632
160211511345526
206654210235345
213312104644263
225236035316151
232060541403002
241141362161436
250525453022624
264403626550510
303126523534106
315500316246034
322451400613420
331615634301615
340333245462543
354264161120361
366042052055252
405361653211562
412245226602356
421023110360204
430104004425130
444552535154025
456416341036413
463630462543641
502513060456666
511434554133554
520662325041300
534346411512235
546220602200123
553001233665011
565155146324442
601202442626505
610056663353333
624110256431221
636531120142112
643465014010046
655643505505464
662324331264650
005605021163223
012353512021111
021214303552042
030032436230466
044166640645654
056540264314500
063421155406335
102144455340013
111522621415441
120406212104662
134650103066556
146311036523304
153235540251230
165063364632125
201336166005020
210260050564415
224041524226643
236125315653561
243503401331352
255454632442206
262612243110134
300551344500251
314415465265102
326633651624036
333364222356424
345242113433610
352026006141545
361100530012363
404223234043432
416004145511626
423152061202514
435516552660340
442430323325265
451661416454153
460345600136001
506462506362631
513646330420522
525320444155316
532201665034244
541055251546160
550113122213055
564534013601403
603010615122450
615131201050605
622565132535533
631443043244321
640624566616212
654302350303146
666256424461064
