   1    7.00000    7.55952E-02
   2    7.02500    7.06586E-02
   3    7.05000    9.21665E-02
   4    7.07500   0.213538
   5    7.10000   0.264996
   6    7.12500   0.183595
   7    7.15000    9.46985E-02
   8    7.17500    1.00370E-01
   9    7.20000   0.187254
   10    7.22500   0.314615
   11    7.25000   0.307998
   12    7.27500   0.218819
   13    7.30000   0.255152
   14    7.32500   0.271344
   15    7.35000   0.285671
   16    7.37500   0.378946
   17    7.40000   0.427415
   18    7.42500   0.430116
   19    7.45000   0.320149
   20    7.47500   0.289473
   21    7.50000   0.476675
   22    7.52500   0.590741
   23    7.55000   0.550274
   24    7.57500   0.385728
   25    7.60000   0.329867
   26    7.62500   0.373094
   27    7.65000   0.308445
   28    7.67500   0.242194
   29    7.70000   0.313951
   30    7.72500   0.400044
   31    7.75000   0.450641
   32    7.77500   0.486613
   33    7.80000   0.509866
   34    7.82500   0.490678
   35    7.85000   0.414976
   36    7.87500   0.361765
   37    7.90000   0.426153
   38    7.92500   0.492043
   39    7.95000   0.597196
   40    7.97500   0.710834
   41    8.00000   0.761014
   42    8.02500   0.750864
   43    8.05000   0.781603
   44    8.07500   0.851105
   45    8.10000   0.905086
   46    8.12500   0.917897
   47    8.15000   0.881192
   48    8.17500   0.870010
   49    8.20000   0.888567
   50    8.22500   0.892017
   51    8.25000   0.878031
   52    8.27500   0.925131
   53    8.30000   0.965244
   54    8.32500   0.950944
   55    8.35000   0.933180
   56    8.37500   0.948250
   57    8.40000   0.933506
   58    8.42500   0.906108
   59    8.45000   0.927708
   60    8.47500   0.935676
   61    8.50000   0.899182
   62    8.52500   0.897475
   63    8.55000   0.938440
   64    8.57500   0.936144
   65    8.60000   0.939073
   66    8.62500   0.949256
   67    8.65000   0.943428
   68    8.67500   0.927622
   69    8.70000   0.927959
   70    8.72500   0.948330
   71    8.75000   0.956739
   72    8.77500   0.934923
   73    8.80000   0.904223
   74    8.82500   0.926975
   75    8.85000   0.953136
   76    8.87500   0.954392
   77    8.90000   0.943026
   78    8.92500   0.938883
   79    8.95000   0.953400
   80    8.97500   0.956972
   81    9.00000   0.951468
   82    9.02500   0.951496
   83    9.05000   0.953476
   84    9.07500   0.952633
   85    9.10000   0.956127
   86    9.12500   0.962089
   87    9.15000   0.958221
   88    9.17500   0.954018
   89    9.20000   0.953831
   90    9.22500   0.952013
   91    9.25000   0.947182
   92    9.27500   0.943543
   93    9.30000   0.935403
   94    9.32500   0.926619
   95    9.35000   0.881307
   96    9.37500   0.775330
   97    9.40000   0.637041
   98    9.42500   0.511136
   99    9.45000   0.433599
   100    9.47500   0.387970
   101    9.50000   0.376458
   102    9.52500   0.422620
   103    9.55000   0.540506
   104    9.57500   0.646436
   105    9.60000   0.546685
   106    9.62500   0.414642
   107    9.65000   0.431686
   108    9.67500   0.491844
   109    9.70000   0.526806
   110    9.72500   0.533850
   111    9.75000   0.538294
   112    9.77500   0.550185
   113    9.80000   0.569548
   114    9.82500   0.599893
   115    9.85000   0.635982
   116    9.87500   0.670148
   117    9.90000   0.708146
   118    9.92500   0.748852
   119    9.95000   0.787235
   120    9.97500   0.824292
   121   10.00000   0.856672
   122   10.02500   0.885785
   123   10.05000   0.909906
   124   10.07500   0.929423
   125   10.10000   0.945436
   126   10.12500   0.957832
   127   10.15000   0.966293
   128   10.17500   0.971685
   129   10.20000   0.974596
   130   10.22500   0.974204
   131   10.25000   0.972672
   132   10.27500   0.973312
   133   10.30000   0.976701
   134   10.32500   0.980725
   135   10.35000   0.984140
   136   10.37500   0.988144
   137   10.40000   0.990543
   138   10.42500   0.989567
   139   10.45000   0.985648
   140   10.47500   0.982026
   141   10.50000   0.981805
   142   10.52500   0.978436
   143   10.55000   0.975398
   144   10.57500   0.981016
   145    10.6000   0.985232
   146    10.6250   0.986724
   147    10.6500   0.988021
   148    10.6750   0.989231
   149    10.7000   0.990193
   150    10.7250   0.990920
   151    10.7500   0.991244
   152    10.7750   0.989930
   153    10.8000   0.984894
   154    10.8250   0.981773
   155    10.8500   0.983944
   156    10.8750   0.989069
   157    10.9000   0.991521
   158    10.9250   0.991948
   159    10.9500   0.991246
   160    10.9750   0.986120
   161    11.0000   0.978844
   162    11.0250   0.983865
   163    11.0500   0.990178
   164    11.0750   0.991875
   165    11.1000   0.992014
   166    11.1250   0.991684
   167    11.1500   0.991463
   168    11.1750   0.991549
   169    11.2000   0.990730
   170    11.2250   0.987708
   171    11.2500   0.979387
   172    11.2750   0.974088
   173    11.3000   0.979988
   174    11.3250   0.983644
   175    11.3500   0.985266
   176    11.3750   0.984378
   177    11.4000   0.986539
   178    11.4250   0.989183
   179    11.4500   0.985101
   180    11.4750   0.977955
   181    11.5000   0.982729
   182    11.5250   0.986823
   183    11.5500   0.983832
   184    11.5750   0.985314
   185    11.6000   0.988588
   186    11.6250   0.988816
   187    11.6500   0.987801
   188    11.6750   0.981904
   189    11.7000   0.964014
   190    11.7250   0.947757
   191    11.7500   0.955838
   192    11.7750   0.968839
   193    11.8000   0.981460
   194    11.8250   0.986727
   195    11.8500   0.985484
   196    11.8750   0.979515
   197    11.9000   0.973343
   198    11.9250   0.978062
   199    11.9500   0.984182
   200    11.9750   0.985151
   201    12.0000   0.985402
   202    12.0250   0.984805
   203    12.0500   0.979896
   204    12.0750   0.969271
   205    12.1000   0.967274
   206    12.1250   0.972618
   207    12.1500   0.979387
   208    12.1750   0.981645
   209    12.2000   0.981179
   210    12.2250   0.979465
   211    12.2500   0.971992
   212    12.2750   0.958354
   213    12.3000   0.961259
   214    12.3250   0.969767
   215    12.3500   0.960476
   216    12.3750   0.949315
   217    12.4000   0.956187
   218    12.4250   0.948343
   219    12.4500   0.935807
   220    12.4750   0.944180
   221    12.5000   0.911651
   222    12.5250   0.865288
   223    12.5500   0.871278
   224    12.5750   0.888689
   225    12.6000   0.902075
   226    12.6250   0.889521
   227    12.6500   0.921037
   228    12.6750   0.957572
   229    12.7000   0.957734
   230    12.7250   0.924738
   231    12.7500   0.896010
   232    12.7750   0.927692
   233    12.8000   0.945866
   234    12.8250   0.932532
   235    12.8500   0.910472
   236    12.8750   0.891988
   237    12.9000   0.908659
   238    12.9250   0.934113
   239    12.9500   0.935044
   240    12.9750   0.915583
   241    13.0000   0.899870
   242    13.0250   0.908571
   243    13.0500   0.914481
   244    13.0750   0.907153
   245    13.1000   0.897292
   246    13.1250   0.884279
   247    13.1500   0.867232
   248    13.1750   0.846052
   249    13.2000   0.813052
   250    13.2250   0.768938
   251    13.2500   0.718055
   252    13.2750   0.705390
   253    13.3000   0.705438
   254    13.3250   0.690024
   255    13.3500   0.666572
   256    13.3750   0.644743
   257    13.4000   0.609965
   258    13.4250   0.550980
   259    13.4500   0.491521
   260    13.4750   0.368359
   261    13.5000   0.324782
   262    13.5250   0.405352
   263    13.5500   0.433912
   264    13.5750   0.420632
   265    13.6000   0.411876
   266    13.6250   0.404413
   267    13.6500   0.382930
   268    13.6750   0.339417
   269    13.7000   0.320610
   270    13.7250   0.356347
   271    13.7500   0.408530
   272    13.7750   0.436268
   273    13.8000   0.437292
   274    13.8250   0.385116
   275    13.8500   0.239019
   276    13.8750    7.65392E-02
   277    13.9000    4.72372E-02
   278    13.9250   0.143543
   279    13.9500   0.231403
   280    13.9750   0.242245
